1234816305049559040
1234848266015080454
1234858590214774785
1234873025499148296
1234884483859353600
1234908414758858753
1234918711397670914
1234920077520179206
1234920851235049475
1234931201934315521
1234932506698272769
1234937150807740417
1234953993929052163
1234984656832888832
1235020997159460865
1235034453920993280
1235036353391403008
1235051762765066240
1235053505464782849
1235071762485760006
1235076650481496068
1235080444300779521
1235086386643886080
1235146190330748929
1235146307796447233
1235165677947932673
1235176916560367618
1235182772311986177
1235204842169098240
1235214815150436353
1235217311000387587
1235274610934833152
1235314876245041153
1235332133612331009
1235389258015191040
1235389900301553664
1235392189787779072
1235409031520346114
1235465701416034304
1235470705824677888
1235472676606574593
1235491782827208704
1235523336110845952
1235528115771904000
1235544658752700416
1235550991526871041
1235571885531897856
1235586608054833153
1235682459469131781
1235745690996879360
1235784274332262400
1235793203044823040
1235821744822161408
1235886011542048769
1235923134848565249
1235925639732940800
1235945873047040001
1235958745252925444
1235962316283232257
1235997007619264513
1236010006312443904
1236047146610089984
1236058654132105217
1236063817668456451
1236071853749415937
1236076052432056322
1236098636255301632
1236103678555230214
1236110573575827456
1236113017965883397
1236127583529349121
1236188122691465217
1236237190834860032
1236256108743925760
1236288791188512768
1236290635579240448
1236352773832077312
1236353314524192768
1236367273226457088
1236367407343529986
1236372033014906880
1236415240125829121
1236443832780296192
1236452314451410945
1236466526552821760
1236478435356299264
1236479891895394306
1236567531760074754
1236652790170017794
1236703226780680193
1236741657430757383
1236743375673573379
1236746854714486789
1236778635928850434
1236780422333333505
1236782401629696003
1236782464921677824
1236845484343300096
1236875620673392642
1236914974980628481
1236965052051271680
1237143745839202305
1237215012223057920
1237260235997417472
1237267212521652224
1237299802930544640
1237303981786857473
1237462153277423617
1237498064816033792
1237587946305273856
1237630997052653569
1237732525570576384
1237742134435946496
1237817163626446854
1237957911264911360
1238005835399233536
1238013758766641153
1238028049641345024
1238036608189894657
1238074302530011137
1238088845826101248
1238169710434242560
1238201310178050048
1238277466344640512
1238307657057996801
1238333116491730944
1238591301349711872
1238630400370622464
1238687275237683200
1238790828388159489
1238906503370858496
1238952178280271877
1238957920974323713
1238959766661144577
1239039139695063040
1239138658181091328
1239231842924060675
1239255959689715714
1239354434284482560
1239373869963763713
1239439628102332416
1239494201336872960
1239575977359036418
1239679677322665985
1239721846171451393
1239734127391358977
1239742150767718403
1239760497345519617
1239916675631210497
1239952604089782277
1240018094535241728
1240022728578564096
1240080082305191936
1240085039578107904
1240085819735580673
1240090244709601281
1240096615937069056
1240149464750399490
1240200793778581504
1240260281336582144
1240275339542224903
1240313792472514560
1240368456546975744
1240370093139386368
1240384920243113987
1240385829593284608
1240476636190871558
1240518290574729216
1240547570490859520
1240599273949061120
1240752530100908033
1240772163067695104
1240782498147303424
1240963636669165568
1241040447184818176
1241085381300412416
1241091526295539716
1241094910742343685
1241118193202143234
1241125118178250752
1241130864462839810
1241144952739880960
1241150589465243653
1234821508805120000
1234862117041340417
1234868455431720960
1234878918349352960
1234879801950863360
1234881093305880577
1234888326857023490
1234894187599781888
1234903225255333888
1234908062961618944
1234916019090575361
1234944171687006209
1234958428251885568
1234962224730574855
1234982045048139776
1234992240327446529
1235018717077082112
1235020309046210563
1235030273835667456
1235044595144069120
1235072104984281088
1235073861307084807
1235085144412672000
1235094330932523008
1235096595760164865
1235115294059683840
1235155373037891585
1235163746387005443
1235198967253807104
1235204808245731329
1235242243679633408
1235243480521244674
1235283577451016192
1235304695901630464
1235306331642433537
1235317492840620032
1235399164298584066
1235408827044057088
1235411980451627008
1235613110825861122
1235758008031985664
1235785916347604992
1235790996887064576
1235818573190164482
1235927449403305984
1235937349185531905
1235949856558022656
1235995428463624194
1236008250954395649
1236019690679480320
1236031355877609472
1236031838172389377
1236057504867651586
1236070301894619143
1236080177014325248
1236093231000997890
1236096127558180870
1236115844326977536
1236117187825258496
1236129078467428352
1236144008440602624
1236144338037432320
1236197341150859265
1236232124971151360
1236262617183744002
1236270492690124801
1236272467922096128
1236283681976836098
1236301199411941376
1236380938419961856
1236390417513537538
1236416879687688192
1236432681614925826
1236443734650359809
1236469267304009728
1236499640486440960
1236514944142598148
1236676037934792705
1236683171707707392
1236703833922736128
1236711240480829441
1236740229194600448
1236743363589619712
1236752448485642240
1236763118509965314
1236770994687270912
1236776593760100352
1236776736907558913
1236777772154044417
1236798016335609863
1236839036045520896
1236840625275899904
1236858674347495425
1236866419758792705
1236879429969891328
1236880109191102464
1236979816974475264
1237017474308112385
1237037089088208896
1237051103998427136
1237080140183744512
1237095030151614464
1237099009807876096
1237126918245318668
1237183479017877510
1237185894471393280
1237218607836229633
1237223106948849669
1237230913018163200
1237303888824479744
1237349691177787392
1237349933545598976
1237360558657228806
1237393610523340804
1237404540271558659
1237427469981847552
1237450489475805184
1237451097180008449
1237550920923140097
1237609647181148162
1237628028999487488
1237633224345399297
1237735608375787521
1237735633495511042
1237739836150288384
1237742668039352320
1237821642023358464
1237859927521030147
1237948985282686977
1237982539547115520
1238052766070665216
1238075599073271809
1238076974708469760
1238080900644188162
1238081991083544577
1238087581750816769
1238099908592205824
1238106666157170691
1238139700059066368
1238154431029534727
1238177302338568193
1238177898038562816
1238185174673895424
1238200685243650050
1238208306352701450
1238212240551051264
1238235170890641408
1238272831877722113
1238289005223043072
1238302460478754816
1238306751180673026
1238316167267147776
1238333241972543489
1238337432426340357
1238338233475489792
1238372934319775744
1238374719994449921
1238387781807857664
1238397470138232832
1238425563582197760
1238456026661302273
1238460992004251648
1238462397150629889
1238479053105106946
1238490427684241415
1238504709587165190
1238517754052915203
1238525261554970625
1238539933192617984
1238540742919938049
1238542919906164736
1238548749141422081
1238552709059338240
1238577442991685632
1238594459241242625
1238619956478185474
1238636536725372929
1238677195834490881
1238678991189544960
1238686848865775616
1238700302901051393
1238707446362734597
1238727716473647104
1238748378290405376
1238762513614897152
1238851931080179712
1238855777366036480
1238856196687384576
1238858298155134977
1238874437354524673
1238903131351769090
1238913570559201285
1238932742110412801
1238938513866813440
1238944120829288449
1238984617534935040
1239063349511491585
1239069188356018176
1239075177662644227
1239075585147584515
1239078960409042944
1239084656932225024
1239093675369459712
1239100117027676161
1239139232523980801
1239171029597138946
1239181142579970049
1239192038446444551
1239195679433654274
1239198624275464197
1239199236400578562
1239209638211375105
1239212217716764672
1239226906039353344
1239232169320603648
1239247663310106624
1239263815939665921
1239299001456799744
1239304748555276289
1239327934646607872
1239341645079793664
1239353594668867590
1239361400696459264
1239364932241678337
1239367608513806338
1239369714050019328
1239380673099694081
1239392522587254790
1239399468186861569
1239413531726020609
1239414479672279040
1239415884579512320
1239430091505053697
1239430276683632641
1239432871967723522
1239433114390269960
1239440321211174914
1239555156104089600
1239556410364567553
1239559853678436352
1239564240878370816
1239564752667328512
1239571795566444546
1239582033489416194
1239583547125633026
1239592225203466241
1239592552560558082
1239593282675576837
1239600446303621120
1239600941067694080
1239625821486284800
1239626946398408704
1239627893791227906
1239675985768767488
1239677638475644929
1239677772735426561
1239693702496387072
1239695564582813696
1239714430969053184
1239716054038953986
1239719464351997952
1239726854485016581
1239740712289173509
1239751114272190465
1239775911421120512
1239778470307168256
1239784237387128832
1239815845632565248
1239822413505822720
1239843543704838146
1239865950607900673
1239867246329110529
1239872208807305228
1239874480937279489
1239888893383671808
1239898283712983040
1239930856698937344
1239947374392418304
1239962960111390721
1239968207064059904
1239988830167597062
1240015196090961921
1240021302657728512
1240022065911967744
1240022196145225730
1240024225752236034
1240026720725430272
1240032140903034886
1240032924751314944
1240050001021030401
1240057587363700748
1240064466286522379
1240065968166051840
1240066693667446785
1240074507773190145
1240090278721011712
1240097219509751811
1240101154144620544
1240105394644701196
1240114651536461826
1240120293110296580
1240128114748948482
1240128279090270208
1240160432674836480
1240166312237662208
1240199205081231361
1240207279468642306
1240207618821328898
1240211720884420608
1240246004399476736
1240256423226937347
1240273053373825030
1240279693078802432
1240288895847325696
1240289385695703040
1240306259607334913
1240316108478930944
1240316829215723520
1240331786028269569
1240333732738826241
1240357064939122688
1240367488128430087
1240377952711462912
1240382759614304257
1240385930172776450
1240388723734388742
1240397830163963907
1240413403467804673
1240416293708234754
1240422085119348736
1240427428998152194
1240440627969396736
1240455585444831232
1240459679240724484
1240463562692120576
1240468335625523200
1240475785137356811
1240480357385940992
1240486715653005313
1240490365356048384
1240490532415160320
1240495493991538688
1240512439361228800
1240516645988126720
1240524150885830656
1240528633619456002
1240554538135928832
1240581261107888129
1240609847701356546
1240613010022031360
1240618832106082308
1240623617936949249
1240661542024216577
1240678877594353664
1240681250077229056
1240681314530947073
1240690470633631744
1240690708995923969
1240697243910340609
1240707264404533250
1240711781485547520
1240725284506173442
1240734208445874177
1240736150563635200
1240744917409783808
1240746346824503300
1240750083932643336
1240752197916192769
1240758661804371968
1240779800563847169
1240780677655625729
1240781520425463808
1240787451377061888
1240806484826456064
1240813308967559170
1240814982364712964
1240820686463086593
1240822452877275136
1240828916211658759
1240835693821284354
1240841196777418753
1240868880156934145
1240875393667805184
1240876957266370561
1240888929345298432
1240890630638714880
1240911724426952704
1240933170314465280
1240960638345605120
1240980078890233857
1240987482004402179
1240993332571979778
1240996021213237253
1241013293894062080
1241028917093416963
1241033291941072896
1241060773092302848
1241068080068997123
1241084428958531589
1241086337534607362
1241088681852768257
1241091781346897921
1241113189200297996
1241127135491719168
1241133507260354560
1241134643186995200
1241135926841151488
1241136308493352965
1241136983348359169
1241137721877442560
1241142667305570304
1241144348781223936
1241150125222907904
1241151248918818816
1235243141571186689
1235351239539527683
1235625802278072320
1240811648560107526
1240825766297964545
1239255665752682496
1239282912324988930
1239281272104648706
1238045111180640256
1239909720959393792
1238659084934508544
1235052354828783618
1235427447295766529
1235430194141261825
1237076780277624837
1239781690601377792
1236157011122774017
1236116726925975553
1238504013013962752
1240908537200611330
1240577896634290176
1237320047061852161
1238297170991693824
1238294063348154368
1238135325211463687
1238370245154344965
1235743359467237382
1238378784237056003
1237233077702676480
1238333402350321664
1238344495315529729
1236887600662589440
1238135501846188034
1237589970031788032
1235994885137653760
1237490732144959490
1240612619746148353
1240685604997718018
1236504745369636866
1237178933499637761
1236922422294544384
1235982536301514762
1238012407831764993
1236632380435124226
1238817143149469696
1238798633618767872
1238559088289517568
1235864749650239488
1238485055091154945
1236948444658491392
1241025741757788160
1239534687959351297
1240016143819120640
1240258293467090944
1239036170492919808
1239463126136844288
1240718097339695104
1239754264370692096
1238219677706354690
1235819978453995523
1236363513020534784
1235318531023081472
1234850308855074817
1240819332197818370
1240567175301279748
1239688493191671808
1240468982332895232
1238987792493002757
1235976433740234753
1239205221097562115
1240811731640868865
1240531128710127617
1240497813265485825
1235999945561239553
1240794765853110274
1238292968311869441
1240276110975229957
1240148339976548353
1240146746048643072
1239775064536449026
1239959768271400961
1240342288506773506
1238479367468089346
1236111982140547073
1239755837368872961
1236125403259047936
1235370945931546624
1235212982616875008
1240157651079696384
1239047659849224194
1239146015841804290
1234894408178421760
1239179011525410816
1234923367263662080
1234788192387239937
1239993570037305346
1239079338810716160
1238623437893107712
1240368939634393088
1240357493701828610
1236520286830223360
1235407465245626371
1236481965865537536
1239690209312280579
1237304516036485122
1241147419275874304
1239217687001268224
1237817452102397954
1240019621333303297
1234910292057812992
1236558513922404355
1237199556674109447
1240048352038776833
1240041591076724736
1240405929163718656
1240937247530254337
1239597975879454722
1236705029693665280
1239367751505981440
1235248393179615233
1239340395634532354
1238542819125420033
1241147881211428865
1240378187563110403
1241092763657125888
1241126326188363778
1240333673284521985
1241126548809400321
1236846539521306624
1234828430912389127
1235255622565683200
1237520641693085697
1238894327348301824
1236774978017689600
1235710104604794880
1240365647063736320
1235237179175178242
1235236703364886528
1238234197967413248
1238342679223660544
1240461973411835909
1240240723754020865
1240458035178483712
1240163796808843274
1236839677455249408
1236834236394594304
1238242317468930048
1240547906387685381
1237067367902937096
1235913040857624576
1235659101226405888
1237480691882954756
1236840393431330816
1236888561179193344
1236077031525191685
1237466964357980160
1239501984908087299
1237082669818826753
1238392287052419072
1240343601579732999
1239035423592235008
1240636037237530624
1240627166003462144
1240354384904515584
1235344820174024705
1239927908271087623
1240605989050519552
1240760724886085640
1240281353477857280
1239050195415044098
1239025440620249088
1236101311344582656
1239260544537944066
1240963076289171456
1238102014288068608
1240873598241341446
1240873867092115456
1238078509622403073
1239083348154363904
1240816107138752512
1241030695243268096
1237462534937907201
1240816861756796928
1238988392924413955
1237952798626463744
1241133947335200769
1239295952688680960
1240681209551663104
1241061889385345026
1237681398883983362
1239127471565520897
1239984464022761472
1239450248671608832
1238149762102198272
1240100033996795904
1234839287583199232
1240347535593504770
1237723423561797635
1234935441003909120
1240624926542819328
1240483297798418433
1241022906819317762
1239894366786895872
1239640635927187456
1237185128230682627
1235679262029385728
1240573826632577025
1240019100421763080
1239974007878934528
1240287061955031040
1239790768291639297
1239339426033086466
1237519517489618945
1236667258824306694
1240157928662818816
1236927766270038020
1236343919891427329
1238924223751438337
1237309272716914689
1238789134921187328
1238808901606400000
1238776803684225024
1238774819908452352
1238814614244265984
1238827440383963137
1238783547290390528
1240455861690130433
1237033399271010304
1240822292919148545
1240818136326082560
1237505475232632833
1235912942262116352
1235637101720268800
1238144628680990720
1237240907654561792
1239447854315376640
1240224286557835265
1241148400873230337
1240647772597968896
1234850543756963840
1234845043673821184
1234926582390644736
1234915129294090241
1234836622253993985
1235056487686451201
1234896199817277443
1234933890420281347
1235676377250230275
1234942986909310976
1240814613169688576
1240891033946333184
1240938979928821762
1240793575610253312
1240973028109975552
1240783328699088896
1238172126143602688
1239216915546923008
1238941236377067520
1240784854930862082
1236394889232789504
1239943863181205504
1236445321250492417
1238529090967212032
1239474630240411648
1237861332763869191
1235012175510503425
1239682621384192000
1237291992834588672
1239255124666494976
1239227605888438275
1239393240035414017
1239566698870538240
1239422210831499264
1239425209721139200
1239557911552167937
1239428659964006400
1239430107493625857
1234854847612162055
1237565935889727495
1236323383903649795
1239636022763364353
1238123422032461825
1239908732210905088
1239155875878785024
1238658250633097216
1240769721747869703
1239611338705571840
1239209051080310784
1237167989276934146
1235783817803202560
1235318262914830337
1236421999083302914
1239628853829603328
1236337477134270464
1240308876613910531
1236843937194594304
1239315481313632256
1239931104779554817
1239308396869881858
1240939553101426688
1240748809308778496
1239120660086980610
1234945763668635648
1240731683244163072
1240275003901456389
1236725226676924416
1235458846509772801
1238989391000993792
1237392050057646081
1239945994017689606
1238818396004741122
1236121051723165702
1238122625081229317
1235787798554103808
1236808559616126976
1236509609172422656
1240379190471307265
1240336393978540032
1239259361962164224
1237483460866052098
1237309170203811840
1238582375489114112
1236305942301626368
1238152295965020165
1237084807827525636
1238141177108615169
1240521691777957889
1235740791286329345
1235363822367649793
1238699359010787328
1239902600201416707
1240992376493150208
1238375908118900736
1234780300389081089
1235412045022953472
1235889287398219778
1235628540873207813
1239861613370527747
1238998793925820416
1238045543059861505
1240301704547008513
1240028424908881920
1234999908551122944
1240447809184292864
1238780561033957377
1238418277379932160
1236422745371615233
1236676012043317248
1238121534792912896
1237950881473183744
1235701363046322178
1237727736120164358
1236788448448651264
1238291823140827138
1240364703425142787
1240596299709386753
1238552843507785728
1238306709606559745
1239394435353530378
1236648964960727045
1237449871759568901
1239020298198007812
1239068583738494976
1238281937409769479
1241148002749673478
1239261941027274752
1239736345779744770
1240161195740540929
1235595882134933505
1237830895073189889
1240762352427044866
1237513564891623425
1240302581345406977
1236324487362117632
1237694281953009664
1239679647475888128
1238415987764060160
1235937880091930625
1239195419063787520
1237655610310578176
1238557834251550723
1239044059215179778
1239607149417902080
1235979014503895040
1241095372442927105
1239252059179737088
1241005932215033858
1234812295030747136
1239834782793633792
1240379278396493824
1239601100774244352
1238741528052404224
1241069032343834624
1240516000195309568
1240291332511465472
1240078223750213632
1238782435338452993
1239810782839406595
1235634908095279105
1241026195074015233
1237937799061520385
1238004874262036485
1237309059755319296
1240492993712357378
1238472950447247360
1238469959086292993
1239666557200015360
1240938564713496576
1240734431154823168
1241130289524625409
1238520077235994624
1240508509520678914
1239936582225924098
1237382109834010626
1234872093751332864
1238676936618053632
1240501782171844609
1236265118691930113
1239994924495507456
1240227658664984578
1238994558412886016
1238228740750131201
1237404234154467328
1236804142158368769
1240037149258452999
1238499630222127106
1240405077862551558
1236342875102892032
1236841054076207104
1238914606631923713
1237748364151648258
1238259250721427456
1240211154976280577
1236616573600837632
1240434206842466305
1239936011997556741
1236713732102897664
1239617659773145094
1240915014116093952
1237130412218089474
1239908983378309122
1236642417765429248
1237865015383752706
1238271716226367489
1240402653525487617
1237434306500235264
1238584292005068800
1238601808143994880
1237452640012902401
1240116827356831745
1241073519301136385
1238679843190878208
1238657466293981184
1236503128721240065
1236140654721470464
1241145053466238977
1236511247530631168
1241093144512356352
1235673261918351377
1234845268463378433
1240648451626536962
1238872075802050560
1240107416781553669
1240164862191378432
1238912983524421634
1236049646021005312
1240742765383876608
1236290033985957888
1240444520426135552
1236858951217688576
1240373519332118529
1240435544817127424
1240544273344483329
1239798334191276032
1238223741148114947
1238848571673391106
1239287462637244418
1238539224472641536
1238919211721711616
1237572067072962560
1240756665315713024
1235301943947538440
1239128524465876992
1236159495866167296
1236614042732675073
1238887049920421892
1238260550766911491
1240003317612326912
1236138506545696768
1237390232674136064
1239159138908811264
1240024359890190336
1236405237428244485
1238026354144301061
1235622742176739329
1239346099665670144
1238468634714025984
1238947610813173761
1239693174655922176
1239991439712370688
1239836652639358977
1240448568344956930
1237163107044061184
1238969534641471491
1240051951217324035
1240406138279133187
1238691230676123648
1240663769832984576
1235031201330499584
1240934198921138176
1235324272874225670
1240136319474507776
1238604764666933249
1240868813169549312
1240670547257720834
1239106244184506368
1236109196942135296
1235308716611842055
1238250660832915457
1240790714159525888
1239799281495633926
1238133098174246913
1240057952964403200
1237485553240674304
1237661382298021888
1236552128338046976
1237456246925676544
1238959062177505282
1239331436529881090
1239315401609293833
1239071586277359617
1240137275494842373
1239707006434283520
1239397459840794624
1235039325848342528
1239735602876055552
1240942737135931393
1239245620944257029
1236137504513724416
1239116503334649856
1235030011444219904
1236011870496014336
1239650052353568772
1240762855957377025
1236874190281728000
1237552427756187649
1240217735843524610
1238326934351884288
1240397331138334720
1241122668482527232
1239438198385684481
1239550856774762497
1237358256898654209
1239191266874851328
1239312804936548352
1237747839305945088
1240966917990617088
1239081276788875264
1238400603363180548
1235798635306201088
1239163610418630657
1239811957206761472
1240720778896818186
1239075467732238339
1240795327684382729
1239280441879932930
1236464026273476610
1239451477690724353
1237697951838994432
1241104095286616065
1238515048127123457
1240761769074843648
1235077525350551552
1239008856933613571
1240234478754091008
1239611117036544000
1237679143887572993
1240892241431781376
1239976604161290240
1238305530730381313
1239057452466728961
1238474309384818693
1240910730515316736
1236539680092557313
1238618521816330240
1235369158646300672
1239307293939978240
1236870173707177984
1237956678190071808
1239328559354785798
1240112210590011392
1235173292190949379
1237810242219622401
1241132092559446021
1239325270559150083
1239141614796275712
1239513121535987712
1240791083572965378
1238747666093350912
1241067144382541824
1241126439195467776
1239096409078370304
1237629021485019136
1240256431036813313
1240806682252455936
1238526503249481734
1235130869913923585
1238949448673308678
1238990770285228034
1240470215122714625
1239262570411745280
1241065041954291718
1236470423010922497
1240467165960175619
1238521905617010688
1235913359293177858
1236088428195909635
1240315620970958849
1235363513545211906
1239190272480813058
1239618653802369029
1236560264784416769
1238900320773844992
1238530625969311753
1240828739644264448
1239093187689340928
1240555804429660160
1235741130395766785
1235569407922823169
1240797139984420864
1239116709664972802
1239354111381946368
1240011153083793408
1239271605039136770
1239696621765623808
1240626557481365508
1240801506443415552
1241096588451287040
1239712203256692736
1235686042675494912
1240345291641012227
1236998363402457094
1240189418687926272
1237401978466111488
1239659036909264896
1239542829610864641
1240033889357266947
1234848838193745921
1240553916422643713
1239815232920436737
1240913814381625344
1240424879297626113
1239074010949996544
1239408146776555520
1239530700057071616
1239132286928465924
1238839871889948673
1240287209070022656
1240529543443746816
1236133960838574080
1240548368516108288
1240481435678412803
1239066448405782531
1240564763698044928
1240317282255024128
1240498216434642944
1239265476167045120
1239478941582229509
1237559751048749057
1236022737845526528
1240442549724237824
1239186578485977090
1239346171027443712
1235185313988964353
1240639811494567936
1240624322575826945
1240188458146181120
1237925706816000002
1239596017101619210
1237544897705422849
1240007453477044224
1239670705266069505
1240231337526730753
1237418808010256384
1236848136636649473
1238840073384230912
1236102772409368578
1237568525469798400
1236160532064813056
1239467219626659840
1237416081951797249
1239870694244208640
1240326924842524674
1234841364749266944
1236698921629388801
1238551937479593984
1239306220051353603
1234866494053289985
1236450722381803520
1238513798622961667
1240457963522883585
1239137069420568578
1240802026113634306
1239181037391003650
1239100382485164032
1240958579068329984
1240132200294686721
1239288423116128257
1237754357736767490
1239797474811875329
1240849715744264197
1235484702846398465
1237343069718089728
1234814214658838533
1237428028629712899
1240974051960553472
1240184621263880192
1239015219898318848
1239512441861570561
1238928036633776128
1236825881898700802
1240979026237444097
1239613326583156740
1236823008033099776
1240632816091697154
1239270359074926592
1236454506394722309
1234806173741637634
1235812929905127424
1239328067908022272
1240408490503536641
1235370720181366784
1238024979695968257
1238580353859805184
1237307507678289921
1240405577039306752
1237786904852082689
1236419993727893510
1240603128803799042
1238699514522783747
1235103020796567553
1240251146779885571
1236571565103464448
1240142515006824448
1235560720273534977
1236826297332088832
1239448545121337344
1238096284856332288
1240473888942948352
1237394331566145542
1236031145927720961
1240440410679500801
1238759136428515328
1239748896013901824
1240787199181959169
1236670816290402304
1237234815021264896
1237174902513434624
1239076905078247429
1236325991485587457
1238240170312380418
1240687907641257985
1240821135492644864
1239090126048784384
1240281878655127553
1239090495491629056
1235944504995307522
1235323708161626117
1240312290987180034
1238834729950068737
1238834738837798912
1239283818403631105
1239701881292640256
1238940464620994570
1235557145380147201
1240753179425292288
1237504716634034177
1235941115108487168
1235946960672210944
1239876343707377665
1238321725093187585
1239539452998856704
1239589851554553857
1235634818978902017
1235836717933846529
1240182314317070336
1241140087158702090
1235206462147899394
1240373355536154632
1239805112983273472
1240418935054274561
1238637186951471106
1236879967276765185
1235756788219248640
1240087484597522433
1237983072458625024
1240220474354749456
1237797256725770240
1239015399481622531
1237735378578296834
1240208284898013184
1240208709122433025
1237253000114012160
1240732652954501126
1240182603384160256
1239973253365428230
1235226298382835712
1238817190146486272
1235288825020190723
1240272130979307520
1240289943831957508
1236431776224026625
1235239829518118912
1239254807082348544
1235975750567763968
1237634508834263040
1238118859011428353
1239766238127108106
1239299446770487301
1238095635418697728
1238103472802877441
1239125785891311617
1237372387278163969
1239541298807308289
1241029990952497152
1237366216433586176
1238506462520815617
1241021790958354433
1238365027570089989
1238788475857653760
1236666070926331909
1235955692978266115
1236846400307998720
1240608400452595713
1238093369751953411
1238018214329749504
1239454741882474497
1237467865692770304
1239680406838038529
1236679925140090885
1237863547029209089
1239450467148709888
1235983920371568640
1235515808354168833
1237975397049999361
1237530871646711808
1236538643898040320
1238953404283490305
1235662722605264896
1240814835320778752
1239669690126995457
1238837376832737280
1238616089623515136
1237411569060872193
1239968542411223040
1239432557407735808
1240139854031269891
1239759859236683781
1240011991479193601
1239787039211601920
1236186864152981504
1235556214089474049
1240934882089545729
1235442753128951808
1240002143140171776
1240494638768807936
1240804513491095553
1236983734613823488
1237444234736697344
1235585181941223424
1237640566831267840
1235412252397719552
1234909503088259072
1239299598016897026
1234778683413450757
1239990021622501378
1235017541380079616
1235690070432198656
1240283240931512320
1234802481076592641
1236817389188190208
1234909566627872774
1236465989082058752
1237488367673245698
1236721386862804999
1239964243153186817
1237045516581601280
1239578493727526915
1239645564712693760
1237480469643624450
1237221248612151296
1238184700151291911
1240161750818775040
1238181068601274369
1235249323815796736
1239630490132496389
1235175769036312577
1239383756215107585
1236850633027645440
1240592600282865668
1235313679119380488
1237725115674005506
1238067630172487680
1236275434595028993
1234816366240321537
1239297743828348929
1236140541579952128
1235894998052335618
1240725806252351488
1235864413841682438
1236181552679305216
1239120082388819968
1235108414285463552
1237827854676692994
1237180367037181953
1235176772855050240
1238410354629029888
1239567849238249472
1240285128548585478
1234910195903414272
1236835341660807168
1239699394477228032
1239170170398085121
1235258083271757824
1238222881370386432
1234862005275766784
1240472551777853440
1236332454128029696
1237645683219288064
1240807881764737031
1241106075623002116
1241051965359939589
1236125409118429184
1236079030274650113
1237447619997286401
1237172016140242944
1237218292525219841
1235658920904937474
1238689640829177856
1239541734251663361
1237828202065690637
1235087553776107526
1238783538952130566
1240933102920269824
1240893898899296256
1240992275678875648
1239441033047539712
1240057587384664066
1240500036426969088
1236269255483670529
1239234284243869696
1240827120579825665
1238131701878009857
1237939631800242177
1238086097370054657
1238026634789130241
1238837162705137670
1239406342911209473
1240777402252394496
1239507623239659520
1238130850266583041
1239427042338373632
1238646620268507140
1236519927130906624
1239354991443243008
1240820326352781312
1241101968988418048
1239180353123897350
1237919180642553858
1238356109800493056
1238910453696344064
1235821867140669441
1236887799590240258
1239347622026137602
1238023653444464641
1239062195952025606
1239738078199242754
1235908019218599937
1236986897668415488
1239098258439524355
1237084423838928901
1237084188249067521
1240753796088659969
1239693086424551426
1238684955619844097
1240448555438845954
1238088022387757056
1240482894923141122
1234799730506575872
1236456142240350208
1239622193811574784
1240297200338587650
1240332729805410305
1235885397911236609
1235884098561982466
1239894890688978946
1240968636514422785
1238539203731836928
1241051524735909889
1239439507063111681
1236839068820025344
1236987098986696704
1239483020429664258
1240039933454286857
1240277121638879232
1237627097671069696
1238945510242779136
1236651356837916672
1234826658290466816
1239788779210256386
1239546020742258688
1236740599811903489
1240224920124231680
1240121261998706691
1236223000048959488
1240102239945068544
1240786851138383873
1237439298858668034
1240952794535911424
1239217510307655681
1239815442106994688
1237065288371363840
1240463865529470977
1240105863953571840
1240556790473003008
1237176734652354560
1240591695525240832
1240591061329707015
1240322541778096135
1240067645589708800
1240605766739992577
1234783175680782337
1239210443635294208
1240871274177531904
1237586601540087808
1239213387776774144
1239977904869642240
1239977589801877504
1235569363060736005
1235727596077355008
1238733810847678464
1239293486341312514
1239794777807347712
1237345035546439680
1234948162676125696
1239520787792461824
1239116633911721984
1240793612604051456
1240899305063378944
1239991662249742336
1239242055844585474
1237547566746619908
1238854795580051456
1237304944031604736
1237443333410054144
1240303629623590917
1237982830388371457
1237099149452926977
1239366148619034625
1240802232406364161
1240413936232443905
1237239457025118208
1236516930229604354
1237697177612320770
1237036251250716674
1238014355704123392
1237197032135307264
1239560256713158656
1235076270695649280
1240994376957874181
1240328942059433985
1236922059328032768
1240219434456924160
1239039672392847360
1238664055541370885
1239027315696267266
1238408190901051393
1236367851595935749
1239497213837000707
1237775752658993152
1237085983784472576
1240792597666332674
1240807130610962434
1237974675872833536
1241134273521950725
1239239019151667202
1240876634359525378
1239361598025695233
1239884518510731265
1239415759127941122
1240770887923765249
1239537087231205376
1239493680286834689
1236030986556563456
1237438678265483265
1235549082493620224
1239227429983526912
1237946900956893185
1236385763769663498
1239849236281217025
1235309254652973056
1239859302623522816
1237166181825511424
1238731707009949696
1236738784475176961
1240770565352214528
1234981482935963648
1235069789879451649
1238042766007062530
1238768384461832192
1236068773020434433
1237293646241837056
1234824593635856384
1237528151133007872
1236129862882136071
1235015874232430592
1237884938893938690
1239388613273583616
1237960880215617537
1240055826313814018
1235242992585318400
1236464018228838400
1241063146409922565
1235174608027791360
1239780390878859264
1239553361940267008
1238475928138846210
1239945616710676480
1237363674446286854
1235880171506413568
1236709098390990848
1238710213882019840
1239863600854032384
1235266796602576896
1240008443282546689
1236695033182441482
1240729977131237379
1238860483446390789
1236073107737194497
1236746060434944005
1235317690799206400
1238577019404922881
1235459292838457344
1240375877088743424
1240329919613280256
1239216609362763777
1236299880034906116
1239222526707974145
1239678875501821952
1235480004219359232
1237391990423080964
1239153207642705920
1239932270561169409
1237308738622689282
1240081570490351621
1239183209679781889
1236639170971553792
1235987193048465408
1240315378628268032
1235899748118196226
1238841738896211968
1241124455465791489
1240822469113581570
1239191145353220096
1235572593316507651
1240888944700481536
1235926381965410304
1238827327703977989
1240818824590569472
1234782667943473152
1235634055380520965
1236063008457187328
1239664162201931778
1240876790056443905
1240976938166075405
1240762059043868674
1241068952039632896
1237429659484250113
1237109874653155328
1240777611078492162
1235064663693385728
1239644730193055756
1240189024402386944
1238229299108253696
1237934380536025090
1241084953212997638
1240069163764383744
1238541921573900288
1240115519388291083
1239265514771206144
1240888034473791493
1240769491019206662
1240935892929466368
1239541759249723392
1240702919084777478
1239002481096634369
1238718111936917506
1240788927600037889
1240260516578238466
1239497871046537220
1240733763912511497
1239505571386179585
1239977795490480131
1239258103348150273
1240456646813417473
1240272650754277377
1235611397318266881
1237928344995401729
1235686888373174272
1236082162346139650
1240008799370514432
1238428637558341634
1239012287211593728
1240840362169487360
1236110642693591040
1240882603353419776
1240966678315290630
1240879156331716610
1239400085164904449
1238087913340100611
1240263347536306176
1235696637160218625
1239242278570307584
1239327578176946177
1239060442053574656
1238113469527986181
1238472371440365568
1235807477360283648
1239968073274126338
1239905699448184832
1235811008066637825
1239979024555835395
1240214492522438656
1237111967271321600
1240350391809671170
1234936918313291776
1240042236953255936
1234953147862441987
1235770282956279809
1236285419752480768
1239526039921008641
1236971535606349824
1240638930900451328
1239600131487432705
1240925440069402624
1240473352369836033
1236464677313486848
1239060153082605574
1234849159196352512
1241063025500737538
1240809160532537349
1240781956897476609
1239225651489628171
1236632507073859586
1239884694994456576
1235227388557983744
1235977532102631425
1235977663254269953
1237825160998240257
1234955285782941696
1236722838498955264
1237559906552578048
1236267275172417536
1236454107625312257
1239840784792379395
1239496003813662720
1238700630555783172
1240115289133658113
1236712027713921026
1235098953906925568
1240436497062473728
1239401615603490817
1238651066184609792
1239246729071005698
1239394540273971204
1239394966926852096
1238889537243398145
1240801510268833794
1239083536910618626
1240921308042612736
1240968930274848770
1235248679625379840
1238353895807537153
1237592125107130368
1239027152504438785
1240696355024023553
1239363858025852928
1239984678150352896
1238177051137490946
1240301566751576064
1239092978817228802
1237664853235363840
1239244316129837056
1239246648464769026
1237501444925689856
1235174498909016064
1240008853745532929
1240883103306067969
1241104439525748738
1237538951847481347
1236701151640326146
1240916505719529474
1241119425945722880
1239291867101003777
1238888736013692935
1240033009027493891
1240228682372976641
1239016595311165444
1236086715368038400
1239319533380349952
1239122903993470976
1241070340597522433
1236448554056441857
1237945709825064961
1239363225042337794
1240843084738379776
1239360323087368194
1239240482120597504
1239218601518743552
1239199739335319553
1240768350193479680
1238274530579288071
1237923634779471877
1239255771386245122
1240401579867545600
1239457001651884032
1239318700169232392
1239087759744098304
1239299965937016832
1237550688961359872
1240910084240224256
1240870703764627457
1239599800783421442
1239391448279273472
1239168676051509248
1240838524821286912
1235338204636729348
1235406090113859589
1239915941670146053
1240131198044823555
1235958491942174721
1236756537495846912
1237969356824297472
1239090453854572544
1238811531351076865
1239017308326158337
1239834044189356033
1237024418834067457
1236385631699419147
1241000194461831169
1241014094834077701
1240100881426788358
1235075397160591360
1238603984983805959
1235913806620037121
1239077296046141440
1240319522076348416
1235315188737495041
1240790235845480448
1240792760711630850
1241045769739816961
1239712836621930497
1239594821599268865
1240009017881214976
1241147037808095233
1237686885482483712
1238128857888276480
1240372764982337537
1240628893813559296
1235545720427438081
1240334399578742784
1236103069701677058
1237501064099721218
1239861650590703618
1238450640667447296
1235866704770510848
1238867236464582659
1236264679447629824
1236800976197054464
1238906029347229697
1235154561448513536
1238779893103628291
1240798872672206849
1237906812508258305
1241098148820340736
1235693334707961856
1239019291804123138
1234930882143612928
1239240675989864449
1240709865229766657
1239950737704013825
1238888135947366402
1236162189725229056
1235206585162571778
1236687930673860608
1239788694711787522
1240759290924859400
1241018418838622208
1238360496727658496
1236929236838920192
1239456226024591360
1235925492819206147
1240147769467252737
1236396101307191296
1240466360083173376
1240553976560603136
1237384454303186945
1238090564572192774
1235540358437777408
1240481702985773056
1237733884307128322
1238787427688427527
1237579865756282881
1237782257227702272
1237446327505752064
1239330685674020870
1237475611813261322
1239532074924568576
1240923615417077762
1239957524540821504
1239263933380218880
1241136048723431424
1238708120764985344
1238948424919244800
1240825149592608768
1238706897500454914
1235716777931202560
1238739419143659520
1239957293195644928
1240032664628932609
1234866615482748929
1239955997700943872
1239414093100077057
1239831951533649920
1240740764830838808
1238345980409339905
1237393610900791297
1239329875716169729
1237635328195903489
1237540079905591296
1240869659240468480
1236755625855639552
1238649744613875712
1237616788298481664
1237131315570327553
1236568669875888128
1236956523370360833
1235861460565123076
1235942000496726016
1238099993011073024
1239843918927351808
1235739887690752001
1239878847706718208
1238562528327696384
1237112684203642882
1235652811372756993
1238119596684607488
1238244771547791361
1236784654746898432
1240410425956667392
1240924958345187330
1239685645410406402
1236767788150059010
1238974157154422784
1237949610812944385
1239184048116961291
1240916468167888897
1238182088186245126
1239806520746840064
1236966253513900037
1241086463586054145
1237100955570786317
1239069179447324674
1239814079545511937
1236807569487867904
1237984654587621376
1235684856635539461
1239990223318155267
1238499664065748993
1240168117088772096
1240021004941955074
1235207126903140354
1240787174469054466
1240831361289785344
1240827381184512002
1239887748267458560
1236009233252052995
1239981855488618496
1238601887378747394
1236373326479511552
1236492426832801793
1240968771621146627
1241118273502052358
1239828316242292736
1236690017948438528
1236572516472274944
1238593427433914369
1234880546058182662
1239023545025519617
1240511681073016832
1238127750835298305
1238950954025746432
1239506620998127617
1238415316839010309
1239611024652763136
1240340643563466752
1239414995424690176
1235522284401487872
1236174571453235205
1235054296695107584
1240236491491528704
1238422527015346177
1239034564141551617
1235161260834123777
1240624008003031040
1240895333728538624
1235584144316469248
1237529183284105218
1234800317218213888
1235187996623806464
1239948883524009985
1240765070596091904
1239187471306457089
1241000479771045890
1239816192711327745
1239214646390919168
1235023939883032576
1240829344077012992
1236043425985818624
1239432673971433477
1236023869963735041
1236289595316121600
1240927189131882507
1237172059194654720
1240829603993858050
1240869907920642048
1237260392138752000
1238112567014416385
1238581792283807745
1236077572435345408
1238038819997249536
1238991069414486017
1239298314022957057
1239070697273675776
1241083476427882497
1237643353157709824
1239230962086674433
1239754784032223232
1238639849894264839
1238329840954032129
1237844123861659648
1234896501740068864
1239143112334888960
1239386024930938883
1240083307712446465
1238470337278259200
1239448634535612416
1239971432433475589
1238253898760142848
1239821418994466816
1238979139794808832
1237277843031232512
1240486996289691648
1235696279155548163
1235715469987864577
1240085895434420224
1240740059629969408
1238752594018947075
1235525195441397762
1238262383388352517
1240452569773649920
1240968083138904066
1239801232002289664
1238937071001030656
1237507058129342466
1234767858820734976
1235997076695076864
1240744896257916928
1239419311422181376
1235308349916409864
1235536494531616769
1238029420536967168
1239810938859073536
1235706903562309632
1240572548104048640
1235958435667034112
1238642144304398336
1241127689433550850
1239216910430068736
1240211485453955072
1240940862390980608
1240527710495088642
1240843197951152128
1239293855708708869
1238840405095059456
1240992770376060933
1240107042725126151
1235757600840376320
1240378846668632065
1240788919395942405
1240875812380766208
1239880806539177985
1241135792501788672
1236051066418016259
1238908185131581440
1239246480713625600
1239536252862582784
1240360290597982208
1238386274857291776
1239349761813237767
1240162080331726848
1238534392739397632
1239920413058228224
1235346621111644161
1239560219002363905
1239672748370165760
1240180138555461633
1241049410978668549
1237648058579472384
1240795064151838720
1239903493584011264
1235800052439769090
1240175133396013056
1237173639885316096
1239478643602194432
1237995211457994752
1240277444420042752
1238359872174870528
1235440278829518848
1240894138402439168
1238416047180570625
1237105636111822851
1239322942430904320
1237242736987815936
1236445160017362945
1236613265578274817
1238829893925904390
1239861765225115648
1239656264054927362
1239506469256454144
1240973891889029121
1237446435932647424
1236850779744600070
1238170070817243137
1235577283865427970
1240312408247341056
1237877624522719232
1236156767035219968
1236356207587160069
1240113993403920384
1240509238679498755
1238440985497088000
1238661718961684482
1234828740712157184
1235985666934296577
1240384391400087552
1235924241700261895
1238485327955845131
1238403427446788096
1237066156248203272
1240732090049507328
1239122601814917121
1238238782593404929
1240447481940283392
1239177543519023104
1238183136292454401
1239604133184688129
1237978816301023233
1240112956630872065
1238189126299652099
1240237431334539266
1239381290496839688
1240897664654307333
1239597477449404417
1239245658424557569
1234849797774942209
1238101347343437824
1237317871539228673
1240775892143570944
1238154250271838215
1240627019538411521
1239118522195693568
1237552276488642562
1238221464576446464
1235985479608172545
1238471675328552960
1238688869547012102
1234973811209994240
1239465398887727104
1238436902707085313
1239159482833424385
1235588215438000129
1236992271733739520
1235196820827131904
1238963469736706056
1237066404865748993
1239686899641573378
1239133859649912833
1236355846256418816
1236788031048171520
1241127585217761281
1239322737514029063
1240033126749016065
1239839437611139072
1235256083788075008
1236374789469724672
1240036570217902080
1239461904524943362
1237390920552550403
1239475533466996737
1240502603147907073
1238911116811460609
1236652243555954690
1240363662633820163
1241131644486115328
1238572787029012481
1240751052686651392
1236239235826532352
1240441069210345473
1240327608706818048
1238911163041222657
1239988683341692928
1235942912443191296
1239098207675625474
1239748928964366337
1240282654089633793
1235001917383856131
1240368973079646209
1240948445944283139
1235121771205943296
1239030918871998465
1239090272706928640
1240239713165791233
1238189105084841984
1241136170295271427
1235672208342577152
1235981280015073280
1240844870878662657
1240795583654301698
1236839233593069569
1238599408750596099
1238765709238210561
1238218859087355904
1240839355805110274
1237367143026565120
1237896188331868162
1236288074222575618
1239336674833948672
1238065960675835905
1236603461761994752
1240453550825787393
1238794124653977601
1240526997983334403
1239943816951595010
1235365348825632768
1236018654703243265
1237977746829164546
1239904436711030785
1235206577306718209
1239519584169988102
1237094431318302720
1237118988372541441
1240868447371870208
1240588369543024640
1240368117756260352
1241009825238192128
1238388746304667648
1239724572800364544
1240945744053444609
1239429005339774976
1238218531570954240
1240077275745288192
1237232599996739584
1235241450499006464
1240959006954393601
1237475767090585600
1240915889832280064
1240624595130081280
1239018088659587073
1241098508800675841
1236359077833461767
1236260399135125510
1236260780095332353
1237583093755609089
1238303823757815808
1241093572855808006
1235656549617618946
1235698138113024000
1234911244265627648
1239374872129634309
1237871977743826949
1240097223901425664
1237585749999939584
1240886643319422977
1240223112345661441
1238864925423878144
1238607424199819265
1236019306514784259
1239685196968067077
1236753227283959809
1239477251634331648
1234849734252277760
1234898431023468544
1240472241214820352
1236775257345871873
1239991271914999808
1238096943718584320
1237735965852041222
1239555537622069254
1238959649325449218
1238840594056822791
1239070990866550784
1240708371839246336
1239946472566558720
1237934116873687041
1236407205332750341
1239932919990423553
1238168842423209985
1237503832935911425
1239589961046745090
1235962632458383364
1236772852185141248
1239908291339112448
1240426292262187008
1235540354780327936
1237806060246675456
1240077950957076481
1236074051761770496
1240003360125837315
1238491350665965570
1240812184977825792
1239093090910076928
1239275488092266496
1237435858355204096
1240039212474343428
1235002309907603457
1239003890835750912
1240213021240086528
1238611693422497795
1239459134048616448
1239328244224098306
1240409799692562434
1241092879939858432
1240170389927424000
1237072347909083137
1240331467269390336
1241120227376672768
1239932052411224066
1238659756493078534
1240339675815874560
1239407575210156032
1237621888563765251
1241135691418959873
1240039359102906368
1237349319726043136
1241046600488796160
1240653832931012609
1235300529481408512
1240984038787158019
1239807704497041408
1241018239024537601
1240393384335937539
1240965240600363009
1240029431382642689
1240233988079398912
1236714321633312775
1240806979645341696
1240359090942926848
1239312947832381448
1235659413190406144
1240021797271146500
1238496496892379139
1238133702799945733
1235374631856545794
1239515394857226240
1236499137492930560
1239436071387234304
1235908434928766976
1239972653462458370
1240493689626955778
1235895784593375233
1238541040371609605
1236451200813301763
1235245222793224193
1239708730779992064
1241092481887977472
1236353252012298242
1239606364286181377
1241057526898208768
1238590495921594368
1239389846503899138
1236759106192580613
1239532201299116032
1239304903983394816
1237111202549059593
1236949462481809409
1239290034534207490
1240118984114085893
1234975383201517568
1238604412186230795
1240187951969173504
1240683654663135238
1235408650371465216
1240186135470575616
1236986816403775491
1237292592381001728
1240652176986460163
1240967186430267394
1235218336386093056
1240083781266046977
1240363230830051328
1239940414842511361
1239004134055051267
1237645167097675776
1241064061657395200
1238877083763240962
1237643620586418176
1238311423245082624
1239278398595141632
1239816239633088513
1239705479850360832
1239275136198553605
1240276354450329601
1235101859200696322
1240438422407221248
1235429334317318144
1238597181860446208
1237388680848797697
1237897089608105984
1240926325797302275
1240409020462010368
1240324945281871873
1235883421039288321
1236399777639739397
1240807696451977216
1241010471001620480
1239961257681113088
1238151411013214208
1235565649344319490
1240651816070721536
1239910824807927808
1237495547365335040
1238121680981110784
1241022030352449537
1237319386744135680
1238114727341035526
1238954502901903364
1236918831874019328
1240721755741671424
1238245157306236928
1239475616149356544
1240014630258446338
1236056312741367808
1239759146267758592
1238054425840750598
1239259214641532929
1240071311893938176
1240384412694413313
1240837568599674881
1239803501422825472
1241069052690345987
1237559356616368131
1235710350890348545
1239236766810456067
1240537684457725952
1240267874192764928
1241011846079033356
1238879421072736257
1240817473433239552
1239406615905759233
1238287750652145666
1240557502393131009
1237009018259795968
1239965610815049735
1237660601339596801
1235479674836389888
1238087498846203904
1235274257128538112
1236638025335091200
1235829583716306949
1236021587121516545
1238383474043691010
1236686388830941185
1237595498531270657
1238010914059612160
1239446905878446081
1240019075499044865
1236179046582513664
1236795811637444610
1236409087207841792
1239264285810925568
1238386409859407872
1239095348502515713
1236816994889912321
1239288868236640258
1241022483450322944
1236766598280560640
1239103635562401794
1237764351588585474
1237135298380906496
1239401942612205573
1240067234506002432
1239140650219646977
1239974653751209984
1235414953294610432
1240010703806902278
1239924607584481281
1239497049487310848
1240377097304113152
1235146097854763013
1235706405195153408
1239431861866283008
1238938295360540673
1234858083702231040
1240637744075816961
1240618693844967424
1241064409381789696
1240391329126940673
1239340647250898948
1237271019452157952
1239238532046172160
1239626056409251843
1238861237733208067
1239020306804756484
1239863648471912449
1238974287811395584
1235034516181393408
1238922587998236673
1235712886917541888
1235251924602982400
1237699987607298050
1239761950453760000
1238037062768562176
1234892753730965509
1238826152791355398
1240910256877629440
1238944746728493057
1239719921317109761
1239259781250023424
1239787483589570561
1239994668718448641
1236696537331167232
1240817201319419906
1239033242000424960
1234993391332577280
1239830181008850944
1240921295971368962
1238856292648677377
1236402190614315009
1237038301078384643
1235605675700391936
1238784692935184384
1238785346814476289
1238977025760780291
1238867362088202240
1237230184538836993
1234788632776470529
1239809051057205249
1240732728498085888
1237594022224351232
1240494336594362370
1238704673269469189
1236740117445906432
1237644553294950400
1239981658264285196
1237048070589775872
1235123443764547584
1238633038592069638
1238189973104459776
1239653827218944007
1240976328800821249
1239605689598828544
1240676575168921600
1238499907058552832
1240113573814124545
1239545434336571394
1238450523369603072
1237503731484299264
1239830043238465536
1240878879897600000
1238649819985596416
1235576055563464704
1241054582458863616
1240452380308713474
1240023370709819393
1239928154619285504
1237693087553642496
1238401462604115968
1239169612350214144
1235198927919603715
1235189054758621193
1240959015896702977
1239606104591667202
1241090347180195847
1239364001252782080
1240782040078749696
1238363441607380992
1238757023203782656
1240367802361556998
1240438078537224193
1235908369485099009
1239265568936488960
1237567203605499904
1239903736329318400
1239380434175352832
1239644725382127623
1237724778821226496
1238458081463406592
1238255861329465345
1237410198781902848
1239830110972399616
1238089020367749120
1237903955268481025
1239837178055688192
1241021698884792320
1238729612353470464
1240188703076687872
1237669116934262790
1239979871859879941
1239877686245371904
1240030387650396160
1237187010139279361
1240830443257131010
1237525318593732608
1237617454895030272
1236507930414940160
1236445765225959427
1241100979388452864
1235294564002471941
1240305890772824066
1235769451020259328
1238476650087620608
1237228133989793793
1238164962452877315
1239279683029647362
1239286938668077056
1236727558311477250
1237091409431330824
1234819522596605952
1240135703352180736
1238075510787387394
1239577960442707968
1239046924495392770
1236450979177873408
1240192284664008705
1235427370552750092
1235288141474549761
1235677394242949120
1239494430828064774
1239910287815380993
1237720828541833216
1240932121822277633
1238615691101704199
1241051835814694912
1236957480472555522
1240392587070050314
1234863849448394755
1239686211591196675
1235259176185663489
1238444802569433089
1240839942714142720
1236972492906004481
1235535716307910657
1235522954450132992
1239842365545893888
1238570824291868672
1239948724656386049
1240034304840925184
1237342053270519808
1236889809378918400
1238303160386502656
1240577136035074053
1235645521940721664
1238821157752770569
1237163547899179009
1237067813229117440
1238203788995039232
1237014323899379712
1238239999105077248
1236626686491402244
1239887857474560005
1239317125371695112
1238516998654570496
1236985488935968770
1236543761011765256
1240032044140441603
1237604360097370112
1240328464944656384
1239664111266312192
1240584694447722496
1239648551275298816
1240090289823518720
1237647359259049984
1240491556458594304
1238179231919636481
1238842036788363271
1241066242703843328
1239505965776502784
1239377846021156864
1238984881834577920
1239588605900644352
1238033044965134336
1240745189280489473
1237162293441507328
1239347789550604288
1240276107405996033
1239877744244273156
1238511047180537857
1239374113874923522
1238266904772517889
1238653137499668481
1237434923516125185
1236035663700647937
1239913680961224705
1234948434530054145
1239394510813016065
1240634807119462400
1235401092843704323
1235596071008600064
1237065450808389632
1236780486346801153
1239955313681412096
1239647766244139009
1240286093334978561
1237776464461746176
1236764475073716224
1239101274752028672
1237000062032580608
1236998355386916864
1240285498427539456
1238451987366248449
1239961390246486016
1240438342623408132
1239912662072537090
1237790721882632195
1234962248830898176
1239794865157832706
1239607064940306437
1235644552695799808
1237601652888072193
1240771198927220737
1241074019060850688
1237124344368807937
1240034166818799616
1235647250421833728
1237863400920584195
1238463534847188992
1237606790193274881
1235815201833758721
1234861972405071873
1237365253727494145
1236019053610831873
1236602956742615040
1236631774555516930
1239235964704301057
1235668005213913088
1238266452492288001
1239994836725481472
1237592146326073344
1238067827019407362
1236776363933171719
1236956372308316160
1238935527346171904
1235233747819270145
1236001519570268160
1238551941774483457
1236433302631976963
1239995801071505408
1236622554787385344
1236849004228546562
1236351382904602627
1239089467094208513
1240998059951063040
1235218321227886592
1234925088149049344
1237054174740779009
1237047210723901446
1238508396061642753
1235301007372017666
1234792677859713025
1236807219305484288
1240197514885599233
1235588972115644416
1238077113242189824
1234766640274976773
1236485957291061253
1235597953647050753
1235793328643293184
1235722310579113985
1236770792815247360
1236800739240001537
1236014392677982208
1237242271805964290
1234993252996005888
1240125695352803328
1240046242882879488
1237485196305465344
1239877455827087365
1237192431407259650
1238534614995685378
1239237245003071488
1237484412289376257
1238133488534065152
1237503142885031936
1236135100108193797
1240586557679165441
1236092017328996353
1240145849109356544
1236183751631069185
1238096331220160513
1240135309024690177
1237451117228949504
1238441111292690432
1235288413462581248
1236958142656897024
1234831648665018368
1241114834046988294
1236563540607041538
1240027690532511745
1237355205995315203
1238039294960381953
1235929729720438784
1236649938236383234
1236503015521234945
1238322648091746304
1237305790484090885
1237327738718973953
1237258030393286656
1238269333966483456
1239933490382032896
1238368730372911104
1234899202443968514
1234802435618590720
1236810740310454272
1238904216581738496
1239518934933659649
1237508487346716672
1237083831871537152
1236871731328901120
1241044729975975943
1235329304759803904
1240208601354027009
1235054254978547715
1234860472555450368
1239156492479221760
1240693905495977985
1238059435186102274
1239535518372823040
1239490313548443650
1236101595944726533
1239528904018276355
1239861642655039488
1240366859360391168
1238153306507292673
1238240992848777216
1234923659073974273
1241004444164055040
1238212215456612353
1239377344428638216
1240440989686337540
1239709070438752257
1240801791794728960
1239411238305542144
1239665923797266437
1238857866007568384
1241138287642693632
1239983478738911233
1237134167298752515
1241094486719180800
1239631920729927681
1238160948650823680
1238341148852154368
1239348335401672707
1239990042082381824
1240071273956487168
1240387428004909059
1240607133147807744
1236842350598664192
1239507011345305600
1235252459288907778
1238030707806658562
1240612310282055680
1237105217386229760
1239032680588529664
1235588658369003520
1239565470099017728
1235898774326779904
1240922152335036417
1239790171673047040
1235162301428371458
1239712375638355968
1235151513913380864
1238825234649751552
1234956044352147457
1240950501467754496
1238333394196426753
1235064223270498304
1234940544981159937
1236662687565668360
1238363173817745409
1241096357860925440
1234766382153097216
1237967398533283840
1236484457990959104
1237004346744811520
1236155653493833729
1240430548939612160
1239686912157331458
1235392782371446785
1237170056900931584
1237238752977682432
1238464033453465600
1237837634816352256
1239158355177934848
1236365997130436608
1235827751338119170
1241151680261107713
1235739776340209664
1236703031309172736
1236439749029699585
1238043201715367937
1235535294943748096
1237987041276604417
1238099947389693952
1238208763573780488
1235511209199144960
1239303023832203265
1240611190050414592
1240925394599120896
1241098399832854530
1240076546091683840
1235329298766204928
1239256643793309696
1239429424304533504
1236545915264962565
1235439934636318721
1236637141402300416
1241023316598460416
1235788212154650624
1240326669283491840
1237733064551419905
1237203633017622533
1239009880398270464
1235312765323153414
1236252295202889728
1235187046425268224
1239707451269746689
1240655750323736577
1240648837846294528
1236324407469051905
1238605401916137473
1239007791865638912
1236332448692219906
1238048411980566528
1239513255313375240
1237824830398967808
1235062168292184064
1240214678568984576
1239143816986128384
1240813296707440640
1240799787110117376
1241089885374685184
1240253310944391173
1240005154457427969
1239392807309078529
1239396405665398784
1240097093898797056
1240942359287922688
1241131514588360705
1239116767580086277
1240965868647075842
1236344081229524992
1239232946030153732
1234886662334951427
1234890561418514433
1240785568012910592
1239380971088048129
1240759173488533518
1239182114584768513
1236773701112258560
1239879695128199168
1240945861758238720
1239278348787806208
1238488741989269505
1240731226815725570
1239112435925159936
1238085396237561858
1239595862327689219
1239263543117185026
1239620616887701506
1240820045011390464
1240805390024978432
1240791850522419200
1239812870801481729
1239053798623940610
1237786166482501634
1238649384172216328
1240327411671105542
1235978259826905089
1239633271018921986
1240482869023313921
1237828898697740290
1234855443748597766
1239174716247740421
1239206990762704897
1238795143764942848
1238791701357047811
1239389959120982016
1239448621566685186
1238917110123728896
1236005251020451841
1239012605970300928
1240345556674842624
1237758103535472647
1238143194744918019
1235289165136310278
1237233759893819392
1238571641090777094
1239398868241932288
1239455462598336513
1238952838216237056
1240187766865985536
1235543234153246720
1238580428992401409
1238870016625381376
1239879065701462016
1239064313261776897
1239606679358132226
1237748304240422913
1235396135461756928
1240659021805355009
1237742507225755648
1238730997337714691
1237504229486391296
1235938400676405248
1237422294705696768
1237154597082447872
1235058287210446848
1237955134623084544
1238002820269453312
1239493093272850433
1237472328209985536
1240367610111438848
1240725951673061376
1240586188261666822
1240110364362027009
1238999264388235264
1236952168420302848
1235274585022570498
1240605661827719171
1239112641898934272
1239993926586699777
1236366131037908992
1239540825002053635
1237016299378741249
1238420010315456513
1237495812600389632
1235217850836582400
1237844156942180353
1240398189246717952
1235901950765477888
1240399512528715776
1238274010095538177
1234961032394600448
1240347142083903488
1237933063931387905
1239417914198880256
1237583770200334337
1240000381989449728
1237363763872796673
1240786125532409857
1234996808964698114
1235281800781430784
1236019068563386368
1235451406418620416
1235689145931952129
1236894647252910080
1240125090865479680
1235237232002371585
1240193769225326592
1236116657891926016
1239052905023516672
1240132557095809026
1237451877798883329
1239382494304231427
1239045455956398080
1237714214367748098
1239776569964593153
1238226890919276545
1240883195555524608
1240251133656010753
1239711364639326208
1237370357893476353
1240237360215982081
1238935023530790913
1238029022229155840
1240394231409250307
1237610881044721664
1240562473796861952
1239124069619888128
1240286915343142912
1234897413531426818
1239329070443307008
1238973130082672640
1239052679667748865
1237887220431740928
1238532316634525701
1239590627140141058
1237176310688026624
1235180139174137856
1238271548299108355
1238159609828950016
1237298573827596289
1236811518358011904
1236814176854532096
1238922675638206464
1235971418329935877
1241058608693030912
1240498715980206080
1241124237240414214
1238238283328413696
1240484005285371906
1236740722436362241
1240433091614855169
1236335994217037824
1237312598305054720
1241006008274690048
1239902113817399296
1238371092034658305
1240754588413820928
1240084393739370497
1238733009475366912
1240538254740533248
1239765165421154309
1239748363299491841
1237549300449603585
1240245601394139136
1236994536494202881
1240802253142994952
1236446810945867777
1236610281163223040
1235366628923248640
1236662253073715200
1240169715697250304
1238235502471524354
1239807188098408453
1236155773853425665
1237412250312257536
1237022432361242624
1238705566614241281
1238937017024724999
1235126087946039297
1235682179729915904
1238437705823989760
1240279839376060416
1237669174220140545
1235810437775540225
1237561477852098560
1240205445534449664
1236026424647016448
1238276476493062145
1237518074980347905
1238330650488381441
1237941871999102978
1238767561602260992
1239824191836303361
1238261322036494337
1237619108360982528
1239126834635329538
1237728923955453952
1239157778402496512
1241012467343536129
1238734142281519104
1240760565531914240
1237423360407003136
1238184583411032065
1235735789163540480
1239537330979057664
1237506239124422656
1238037464008273920
1238208457465085974
1235360497756590081
1237591383478685696
1238256679118135296
1237647157370462214
1236956814069112832
1237366342191394816
1240589635463467008
1240740655820722179
1240889739168841728
1239925610417467392
1240950904565706752
1239276730285789187
1237462743764140032
1239548218968387584
1235500631122685955
1238974576840695813
1239908262960652288
1240846833816989696
1240508039280472064
1239059554261966848
1239467203340238848
1240279923719356416
1235385988207316993
1235824582226898950
1236426755617021954
1235841758866505728
1240433535955001344
1238804783693094912
1239859801699561472
1240201561504198657
1239248917721743360
1239583052918972417
1237409707159105537
1237084912479600640
1238467027829809152
1240651224401301506
1240394298547412995
1240032128315817985
1239606637452619777
1239626438162231299
1237315383851454465
1239153737387687936
1236088336047108098
1240100759338795008
1238637203603034112
1238468580339060737
1240497889035591680
1239189207454810112
1236777254333501441
1235623266531844096
1235210766204227584
1236824851953811457
1239793431624507392
1237845360619311104
1239451548415033345
1235264358520942594
1240102387332739072
1236023635271471106
1237506725080637446
1239910929632038912
1238562401689063424
1239399892499361792
1240351343912550400
1235074323561373696
1241045614642823168
1239559002813542405
1240381446591840256
1239793484766347264
1239200448286019585
1238645008888193025
1237789602750046212
1240143394627870721
1240728964324380675
1239633279206162432
1239658273340641280
1236830180284551171
1240883920863784962
1235349462299693056
1236605107157909507
1235254162474119169
1241142428234588166
1235584671511126019
1239699243234783234
1237579206915051520
1240380326658138114
1239665298392756224
1239253887573471232
1237524215487590400
1239961806317047808
1236949964560924672
1236776338893058048
1238296038345191426
1238852220214480896
1237031485749821441
1239799873639194624
1238453140871094272
1240005004049518595
1236388279232139264
1235241530602008577
1238502411435536385
1235930627305869313
1236824719195803650
1240588918191423489
1238878455933984768
1238088294640037888
1236027321750114307
1234950997279047680
1234893814411583488
1237422466252845056
1237827522668179458
1239107556984979457
1237395197765406721
1236459722737364992
1236906106913341440
1235204338974429188
1237988294635347969
1239411318118965251
1239954277981921281
1239886258748489728
1239729077558312961
1239566179443699717
1240983920990015489
1239100310125031424
1239021964326510594
1234988475125907457
1239171575200571392
1241085493942632450
1241008629584506882
1239224662359330816
1238206281061711872
1239123033886867457
1236070379933896704
1239211571693248512
1235313570113630210
1239957268516483078
1236374710688059393
1240110293675651072
1237790155869769731
1238450774574804992
1238236496295010304
1235042205674270720
1240712004081315840
1240979424138473472
1240346109538680832
1237817565331607552
1240237661719314433
1239136329893437441
1241038753197670400
1240866690147201027
1238938673237778433
1240968133181165570
1239434171925196803
1239227665074343937
1240793100936597504
1238805734785236994
1238907065621516297
1237977473633021952
1240720862535352321
1237441227395682306
1240074121687359489
1238762379606929408
1236366386982727680
1241088736659746817
1235280159932059650
1235908338443042816
1239019539905609728
1235743577730363398
1239613784215277571
1239872891258163201
1237340326647549952
1236476883111424000
1239435573246545921
1236729538773729280
1237764897204625408
1240928551945342978
1238401992000786432
1237654378921762816
1239342291141062657
1236480623692447750
1239795632660869120
1235016516925456384
1239840604764413952
1236923434095071232
1239571115845881857
1238690437294108672
1241101272767479809
1235381354977726464
